Calculate Mean and Standard Deviation

Draw Histograms

Plot Both Histograms Together

Draw a Perfect Bell Curve

dataset is in given list

[52.48357077 49.30867849 53.23844269 57.61514928 48.82923313 48.82931522
 57.89606408 53.83717365 47.65262807 52.71280022 47.68291154 47.67135123
 51.20981136 40.43359878 41.37541084 47.18856235 44.9358444  51.57123666
 45.45987962 42.93848149 57.32824384 48.8711185  50.33764102 42.87625907
 47.27808638 50.55461295 44.24503211 51.87849009 46.99680655 48.54153125
 46.99146694 59.26139092 49.93251388 44.71144536 54.11272456 43.89578175
 51.04431798 40.20164938 43.35906976 50.98430618 53.6923329  50.85684141
 49.42175859 48.49448152 42.60739005 46.40077896 47.69680615 55.28561113
 51.71809145 41.18479922 51.62041985 48.0745886  46.61539    53.05838144
 55.15499761 54.6564006  45.80391238 48.45393812 51.65631716 54.87772564
 47.60412881 49.07170512 44.46832513 44.01896688 54.06262911 56.78120014
 49.63994939 55.01766449 51.80818013 46.77440123 51.80697803 57.69018283
 49.8208698  57.82321828 36.90127448 54.10951252 50.43523534 48.50496325
 50.45880388 40.06215543 48.90164056 51.78556286 57.38947022 47.40864891
 45.95753199 47.49121478 54.57701059 51.64375555 47.35119898 52.56633717
 50.48538775 54.84322495 46.48973453 48.36168927 48.03945923 42.68242526
 51.48060139 51.30527636 50.02556728 48.82706433 42.92314629 47.89677339
 48.28642742 45.98861365 49.19357144 52.02025428 59.43092951 50.87288906
 51.28775195 49.62777042 40.40614392 49.86743062 50.30115105 62.31621056
 49.03819518 51.50773671 49.82644115 44.15660981 55.71411407 53.75966516
 53.95515974 45.45306273 57.01397155 42.99074469 52.93428547 60.95227813
 45.04731837 47.16851135 50.49825683 47.48262173 42.24668284 50.34281487
 44.68848143 52.36796215 45.40287883 57.74967203 46.08373354 48.38969242
 54.06758609 43.84567842 51.13729967 56.53571377 41.96258383 50.92316929
 51.29941397 53.90911436 43.81524645 43.39771693 52.60970783 51.48492337
 51.25246425 51.73224105 46.59987639 51.16126849 51.46536237 46.42824291
 59.32887256 52.3691646  44.04348251 53.28276804 45.12659165 53.93542302
 55.7929779  45.89658841 54.81688065 52.06390463 54.1103008  59.48396491
 48.77305942 46.23131918 45.55242785 45.92094858 49.61449145 51.70575987
 51.383454   54.13591625 50.06500946 57.26767039 48.67671583 63.60084583
 53.12833674 45.71421222 44.64553751 52.41236208 48.88268607 53.57000247
 52.36618812 49.63585544 45.76603141 42.42576388 47.76742524 54.28199397
 51.07046872 43.77130611 50.86590463 51.9265869  45.58071282 50.76862553
 50.29104359 44.28514851 51.7889368  52.80392263 55.41525622 55.26901026
 43.11165316 45.3108748  52.57517634 52.56892975 52.57523843 69.26365745
 52.85445255 55.6778282  54.77000882 53.25695626 48.42365378 53.7948461
 46.13587393 48.81590697 47.57318226 50.4093707  61.57329283 40.66367404
 53.43130095 41.93642064 47.64034067 55.44475298 50.3214001  44.61127611
 46.42348145 53.39798874 46.34816684 51.08229295 50.2278592  46.74199826
 60.71972045 53.16959511 39.87428707 50.93227157 46.69106768 54.26216667
 46.03739631 49.42631779 52.52493639 54.32877597 43.99851796 48.32749382
 47.62527344 46.73335384 58.8272712  52.02490855 43.69558023 54.58930974
 60.61078099 55.1623263  42.40315017 47.57882964 56.33455575 46.46165267
 52.21909714 53.87317027 45.36534764 49.70237322 33.7936633  44.87806179
 48.73715924 43.76108409 58.16205652 42.84929311 47.79977757 50.65370289
 57.20636645 42.82068924 55.81581876 50.05116531 45.09245674 52.31051737
 50.99529848 46.99891561 50.34901042 48.07343202 50.56758673 53.31065337
 57.93008408 43.81092251 60.66516687 40.239561   49.24107452 52.94158603
 51.40495934 46.8865024  48.95938875 47.53499533 47.05317622 54.24801049
 51.78507743 46.53545202 54.49799938 51.5364976  54.06431059 53.14814421
 45.85502495 47.1990948  53.73646803 53.05185133 49.89549203 50.58663692
 56.38832448 47.04214306 52.73548691 48.98903674 48.91159398 55.49388426
 54.12708174 54.06754818 56.52739404 50.10501921 53.40976486 48.44866622
 51.62083176 49.34928473 50.48497982 52.97578513 45.90889658 60.46193638
 44.96991309 43.92905694 55.79055437 53.95831347 53.12059909 53.14172755
 49.93876614 45.51372814 50.37902279 46.61419144 54.87559867 49.26471309
 45.87251402 48.39307079 52.06465727 47.18137724 45.88889802 51.21843606
 51.22483286 47.46528412 47.64480847 51.16024969 42.75957829 42.96268113
 46.40777889 48.93276424 51.55453783 57.37678108 54.28829812 49.20030735
 49.90491896 44.98735318 49.90743432 48.55670681 51.6135928  45.86384528
 52.59673257 57.66369457 49.45619926 52.00855861 53.45071996 47.99389764
 51.12046241 50.062962   50.48838049 46.13495108 50.12255087 52.48999146
 57.25571804 54.79635413 60.76591229 46.16326219 54.36160318 50.91671003
 60.94901467 45.95850857 45.80139079 47.00303677 39.38052138 47.37122489
 46.20433669 50.75196893 51.70877988 59.3808542  54.75211919 47.11548172
 45.50792664 52.45959586 43.39883396 59.15729383 55.8972006  47.65412174
 41.43432735 56.76936187 49.42730077 56.18908156 42.02786171 47.00312489
 50.0262185  50.23490297 47.74967264 53.11424966 44.66189785 49.28810257
 50.60147816 52.57219417 53.55807439 44.37678954 42.32942915 56.38838411
 51.66157006 46.25756732 57.75575988 50.57837317 55.89648592 50.33759241
 60.30373962 58.77670421 48.75517926 54.85785475 53.22687975 56.84315779
 45.1753827  53.4302573  55.29212243 41.20630257 44.08370744 39.80383911
 48.65296583 53.58771128 57.51178526 50.3704739  58.14307773 43.09949271
 41.4830878  49.72226151 51.92032724 49.83652626 39.6627895  49.5543998
 43.4776525  53.34836274 51.83299123 45.30060107 47.43066541 44.70393239
 49.68660451 54.7757116  45.07136977 52.52023258 47.34871191 46.03563584
 49.4648482  44.82378839 47.23175347 44.01061054 59.82362566 50.17631776
 46.50137246 51.06989955 49.43835975 48.895152   53.0708335  53.78753855
 47.34749426 47.1209088  48.62474151 38.49039418 42.42404469 56.83437134
 58.22483857 48.7548198  52.88278482 51.55625077 65.39440404 55.59787456
 49.36041204 45.2222978  41.9677684  51.01731818 46.21824627 42.88873145
 46.76713558 44.59225998 58.43570818 54.40819878 49.96013679 57.39972069
 50.38684154 45.69357899 57.61562039 52.69455022 44.81376923 49.04830661
 45.62190873 43.08600135 54.63088774 59.5470832  43.00716213 52.81484618
 46.74678715 47.56437308 47.03803038 45.68004615 50.24260814 45.84524942
 51.35228413 49.74880945 48.80525977 45.46218169 47.11614335 53.77695613
 52.50458594 45.11222378 50.49666153 53.75693562 41.65297359 52.71680096
 46.68688121 52.85299334 46.18370422 40.9755895  41.86228781 50.24042473
 51.29861251 45.47841687 53.19296229 41.69239969 49.66960101 43.944919
 46.74081946 50.23699336 45.69793317 48.07722228 55.03146405 47.11554065
 54.17846056 44.35146573 52.64902089 57.2078431  37.6417775  46.01552372
 52.88536064 48.98477307 51.85572937 46.98007407 50.43294894 49.22161382
 55.83891031 51.27210422 51.68801331 47.94061517 47.56196888 47.83720906
 51.97226071 47.8950776  51.44887428 60.37700399 54.35562352 48.36988234
 56.00606961 47.95962313 39.80937732 44.95956845 40.64604039 48.24243258
 50.0920919  58.38218656 51.63463687 48.90449736 54.14702791 38.94432345
 51.17807279 53.85432597 42.60706877 55.71877022 51.69248204 47.92356043
 53.16390933 61.35346429 50.90933128 51.24110293 47.7031955  45.75077815
 54.15167908 45.71958087 50.35783119 47.61171277 52.39489913 51.66831053
 55.18769972 47.44991801 48.65062532 45.10618142 47.7785337  51.88650247]
